results1_Metric_1,results1_Metric_2,results1_Metric_3,results1_Metric_4,results1_Metric_5,results1_Metric_6,results1_Metric_7,results1_Metric_8,results1_Metric_9,results1_Metric_10,results1_Metric_11,results1_Metric_12,results1_Metric_13,results1_Metric_14,results1_Metric_15,results1_Metric_16,results1_Metric_17,results1_Metric_18,results1_Metric_19,results1_Metric_20,results1_Metric_21,results1_Metric_22,results1_Metric_23,results1_Metric_24,results1_Metric_25,results1_Metric_26,results1_Metric_27,results1_Metric_28,results1_Metric_29,results1_Metric_30
0.41543333333333327,0.41543333333333327,0.41543333333333327,0.41543333333333327,0.41543333333333327,0.41543333333333327,0.41543333333333327,0.41543333333333327,0.41543333333333327,0.41543333333333327,0.41543333333333327,0.41543333333333327,0.41543333333333327,0.41543333333333327,0.41543333333333327,0.41543333333333327,0.41543333333333327,0.41543333333333327,0.41543333333333327,0.41543333333333327,0.41543333333333327,0.41543333333333327,0.41543333333333327,0.41543333333333327,0.41543333333333327,0.41543333333333327,0.41543333333333327,0.41543333333333327,0.41543333333333327,0.41543333333333327
0.41543333333333327,0.41543333333333327,0.41543333333333327,0.41543333333333327,0.41543333333333327,0.41543333333333327,0.41543333333333327,0.41543333333333327,0.41543333333333327,0.41543333333333327,0.41543333333333327,0.41543333333333327,0.41543333333333327,0.41543333333333327,0.41543333333333327,0.41543333333333327,0.41543333333333327,0.41543333333333327,0.41543333333333327,0.41543333333333327,0.41543333333333327,0.41543333333333327,0.41543333333333327,0.41543333333333327,0.41543333333333327,0.41543333333333327,0.41543333333333327,0.41543333333333327,0.41543333333333327,0.41543333333333327
0.41543333333333327,0.41543333333333327,0.41543333333333327,0.41543333333333327,0.41543333333333327,0.41543333333333327,0.41543333333333327,0.41543333333333327,0.41543333333333327,0.41543333333333327,0.41543333333333327,0.41543333333333327,0.41543333333333327,0.41543333333333327,0.42241333333333325,0.42241333333333325,0.42241333333333325,0.42241333333333325,0.42241333333333325,0.42241333333333325,0.42241333333333325,0.42241333333333325,0.42241333333333325,0.42241333333333325,0.42241333333333325,0.42241333333333325,0.42241333333333325,0.42241333333333325,0.42241333333333325,0.42241333333333325
0.41543333333333327,0.41543333333333327,0.41543333333333327,0.41543333333333327,0.41543333333333327,0.41543333333333327,0.41543333333333327,0.41543333333333327,0.41543333333333327,0.41543333333333327,0.41543333333333327,0.41543333333333327,0.41543333333333327,0.41543333333333327,0.41543333333333327,0.41543333333333327,0.41543333333333327,0.41543333333333327,0.41543333333333327,0.41543333333333327,0.41543333333333327,0.41543333333333327,0.41543333333333327,0.41543333333333327,0.41543333333333327,0.41543333333333327,0.41543333333333327,0.41543333333333327,0.41543333333333327,0.41543333333333327
0.41543333333333327,0.41543333333333327,0.41543333333333327,0.41543333333333327,0.41543333333333327,0.41543333333333327,0.41543333333333327,0.4228333333333333,0.4228333333333333,0.4228333333333333,0.4228333333333333,0.4228333333333333,0.4228333333333333,0.4228333333333333,0.4228333333333333,0.4228333333333333,0.4228333333333333,0.4228333333333333,0.4228333333333333,0.4228333333333333,0.4228333333333333,0.4228333333333333,0.4228333333333333,0.4228333333333333,0.4228333333333333,0.4228333333333333,0.4228333333333333,0.4228333333333333,0.4228333333333333,0.4228333333333333
0.41543333333333327,0.41543333333333327,0.4404333333333333,0.4404333333333333,0.4404333333333333,0.4404333333333333,0.4404333333333333,0.4404333333333333,0.4404333333333333,0.4404333333333333,0.4809333333333333,0.4809333333333333,0.4809333333333333,0.4809333333333333,0.4809333333333333,0.4809333333333333,0.4809333333333333,0.4809333333333333,0.4809333333333333,0.4809333333333333,0.4809333333333333,0.4809333333333333,0.4809333333333333,0.4809333333333333,0.4809333333333333,0.4809333333333333,0.4809333333333333,0.4809333333333333,0.4809333333333333,0.4809333333333333
0.41543333333333327,0.41543333333333327,0.41543333333333327,0.41543333333333327,0.41543333333333327,0.41543333333333327,0.41543333333333327,0.41543333333333327,0.41543333333333327,0.41543333333333327,0.41543333333333327,0.41543333333333327,0.41543333333333327,0.41543333333333327,0.41543333333333327,0.41543333333333327,0.41543333333333327,0.41543333333333327,0.41543333333333327,0.41543333333333327,0.41543333333333327,0.41543333333333327,0.41543333333333327,0.41543333333333327,0.41543333333333327,0.41543333333333327,0.41543333333333327,0.41543333333333327,0.41543333333333327,0.41543333333333327
0.41543333333333327,0.41543333333333327,0.41543333333333327,0.41543333333333327,0.41543333333333327,0.41543333333333327,0.41543333333333327,0.41543333333333327,0.41543333333333327,0.41543333333333327,0.41543333333333327,0.41543333333333327,0.41543333333333327,0.41543333333333327,0.41543333333333327,0.41543333333333327,0.4324333333333333,0.4324333333333333,0.4324333333333333,0.4324333333333333,0.4324333333333333,0.4324333333333333,0.4324333333333333,0.4324333333333333,0.4324333333333333,0.4324333333333333,0.4324333333333333,0.4324333333333333,0.4324333333333333,0.4324333333333333
0.41543333333333327,0.41543333333333327,0.41543333333333327,0.41543333333333327,0.41543333333333327,0.41543333333333327,0.4228333333333333,0.4228333333333333,0.4228333333333333,0.4228333333333333,0.4228333333333333,0.4228333333333333,0.4228333333333333,0.4228333333333333,0.4228333333333333,0.4228333333333333,0.4228333333333333,0.4228333333333333,0.4228333333333333,0.4228333333333333,0.4228333333333333,0.4228333333333333,0.4228333333333333,0.4809333333333333,0.4809333333333333,0.4809333333333333,0.4809333333333333,0.4809333333333333,0.4809333333333333,0.4809333333333333
0.41543333333333327,0.41983333333333334,0.41983333333333334,0.41983333333333334,0.41983333333333334,0.41983333333333334,0.41983333333333334,0.41983333333333334,0.41983333333333334,0.41983333333333334,0.41983333333333334,0.41983333333333334,0.41983333333333334,0.41983333333333334,0.41983333333333334,0.41983333333333334,0.41983333333333334,0.41983333333333334,0.41983333333333334,0.41983333333333334,0.41983333333333334,0.41983333333333334,0.41983333333333334,0.41983333333333334,0.41983333333333334,0.41983333333333334,0.41983333333333334,0.41983333333333334,0.41983333333333334,0.41983333333333334
